"MCHC"	"cell #"	"D"	"height"	"<u>"	"radius"	"area"	"volume"	"sphericity"	"<u>"	"C2-1"	"C2-2"	"C2-R"	"HMAX"	"SMAX"	"Concavity"	"D1"	"D2"	"DR"
32	2.5	0	1.10578275	18.66841425	3.773	135.1045575	100.344157	0.772911	18.66841425	0.00018475	0.000124	0.0001765	2.61686975	0.92862925	1.087907	1.2495	2.5725	3.773
32	2.5	0.098	1.11119475	18.743556	3.773	135.1045575	100.344157	0.772911	18.66841425	0.00018475	0.000124	0.0001765	2.61686975	0.92862925	1.087907	1.2495	2.5725	3.773
32	2.5	0.196	1.12733625	18.80904125	3.773	135.1045575	100.344157	0.772911	18.66841425	0.00018475	0.000124	0.0001765	2.61686975	0.92862925	1.087907	1.2495	2.5725	3.773
32	2.5	0.294	1.1539605	18.9964335	3.773	135.1045575	100.344157	0.772911	18.66841425	0.00018475	0.000124	0.0001765	2.61686975	0.92862925	1.087907	1.2495	2.5725	3.773
32	2.5	0.392	1.1906825	19.192382	3.773	135.1045575	100.344157	0.772911	18.66841425	0.00018475	0.000124	0.0001765	2.61686975	0.92862925	1.087907	1.2495	2.5725	3.773
32	2.5	0.49	1.2370565	19.44546425	3.773	135.1045575	100.344157	0.772911	18.66841425	0.00018475	0.000124	0.0001765	2.61686975	0.92862925	1.087907	1.2495	2.5725	3.773
32	2.5	0.588	1.292532	19.67530775	3.773	135.1045575	100.344157	0.772911	18.66841425	0.00018475	0.000124	0.0001765	2.61686975	0.92862925	1.087907	1.2495	2.5725	3.773
32	2.5	0.686	1.35642075	19.93612	3.773	135.1045575	100.344157	0.772911	18.66841425	0.00018475	0.000124	0.0001765	2.61686975	0.92862925	1.087907	1.2495	2.5725	3.773
32	2.5	0.784	1.42784275	20.099823	3.773	135.1045575	100.344157	0.772911	18.66841425	0.00018475	0.000124	0.0001765	2.61686975	0.92862925	1.087907	1.2495	2.5725	3.773
32	2.5	0.882	1.50574625	20.2230915	3.773	135.1045575	100.344157	0.772911	18.66841425	0.00018475	0.000124	0.0001765	2.61686975	0.92862925	1.087907	1.2495	2.5725	3.773
32	2.5	0.98	1.58892225	20.23272	3.773	135.1045575	100.344157	0.772911	18.66841425	0.00018475	0.000124	0.0001765	2.61686975	0.92862925	1.087907	1.2495	2.5725	3.773
32	2.5	1.078	1.676051	20.168915	3.773	135.1045575	100.344157	0.772911	18.66841425	0.00018475	0.000124	0.0001765	2.61686975	0.92862925	1.087907	1.2495	2.5725	3.773
32	2.5	1.176	1.765736	19.97933875	3.773	135.1045575	100.344157	0.772911	18.66841425	0.00018475	0.000124	0.0001765	2.61686975	0.92862925	1.087907	1.2495	2.5725	3.773
32	2.5	1.274	1.85657575	19.93391975	3.773	135.1045575	100.344157	0.772911	18.66841425	0.00018475	0.000124	0.0001765	2.61686975	0.92862925	1.087907	1.2495	2.5725	3.773
32	2.5	1.372	1.9471645	19.572339	3.773	135.1045575	100.344157	0.772911	18.66841425	0.00018475	0.000124	0.0001765	2.61686975	0.92862925	1.087907	1.2495	2.5725	3.773
32	2.5	1.47	2.03614925	19.16691225	3.773	135.1045575	100.344157	0.772911	18.66841425	0.00018475	0.000124	0.0001765	2.61686975	0.92862925	1.087907	1.2495	2.5725	3.773
32	2.5	1.568	2.12224925	18.74322475	3.773	135.1045575	100.344157	0.772911	18.66841425	0.00018475	0.000124	0.0001765	2.61686975	0.92862925	1.087907	1.2495	2.5725	3.773
32	2.5	1.666	2.20432	18.578722	3.773	135.1045575	100.344157	0.772911	18.66841425	0.00018475	0.000124	0.0001765	2.61686975	0.92862925	1.087907	1.2495	2.5725	3.773
32	2.5	1.764	2.2813195	18.481675	3.773	135.1045575	100.344157	0.772911	18.66841425	0.00018475	0.000124	0.0001765	2.61686975	0.92862925	1.087907	1.2495	2.5725	3.773
32	2.5	1.862	2.3522855	18.2115625	3.773	135.1045575	100.344157	0.772911	18.66841425	0.00018475	0.000124	0.0001765	2.61686975	0.92862925	1.087907	1.2495	2.5725	3.773
32	2.5	1.96	2.4163335	17.78017075	3.773	135.1045575	100.344157	0.772911	18.66841425	0.00018475	0.000124	0.0001765	2.61686975	0.92862925	1.087907	1.2495	2.5725	3.773
32	2.5	2.058	2.47260325	17.65811125	3.773	135.1045575	100.344157	0.772911	18.66841425	0.00018475	0.000124	0.0001765	2.61686975	0.92862925	1.087907	1.2495	2.5725	3.773
32	2.5	2.156	2.5202595	17.5597855	3.773	135.1045575	100.344157	0.772911	18.66841425	0.00018475	0.000124	0.0001765	2.61686975	0.92862925	1.087907	1.2495	2.5725	3.773
32	2.5	2.254	2.55860125	17.4600895	3.773	135.1045575	100.344157	0.772911	18.66841425	0.00018475	0.000124	0.0001765	2.61686975	0.92862925	1.087907	1.2495	2.5725	3.773
32	2.5	2.352	2.58717325	17.06553625	3.773	135.1045575	100.344157	0.772911	18.66841425	0.00018475	0.000124	0.0001765	2.61686975	0.92862925	1.087907	1.2495	2.5725	3.773
32	2.5	2.45	2.6056715	16.59721	3.773	135.1045575	100.344157	0.772911	18.66841425	0.00018475	0.000124	0.0001765	2.61686975	0.92862925	1.087907	1.2495	2.5725	3.773
32	2.5	2.548	2.6139045	16.3548445	3.773	135.1045575	100.344157	0.772911	18.66841425	0.00018475	0.000124	0.0001765	2.61686975	0.92862925	1.087907	1.2495	2.5725	3.773
32	2.5	2.646	2.611696	16.05860675	3.773	135.1045575	100.344157	0.772911	18.66841425	0.00018475	0.000124	0.0001765	2.61686975	0.92862925	1.087907	1.2495	2.5725	3.773
32	2.5	2.744	2.59862775	15.73581975	3.773	135.1045575	100.344157	0.772911	18.66841425	0.00018475	0.000124	0.0001765	2.61686975	0.92862925	1.087907	1.2495	2.5725	3.773
32	2.5	2.842	2.573716	15.4387875	3.773	135.1045575	100.344157	0.772911	18.66841425	0.00018475	0.000124	0.0001765	2.61686975	0.92862925	1.087907	1.2495	2.5725	3.773
32	2.5	2.94	2.53525275	15.20261625	3.773	135.1045575	100.344157	0.772911	18.66841425	0.00018475	0.000124	0.0001765	2.61686975	0.92862925	1.087907	1.2495	2.5725	3.773
32	2.5	3.038	2.4807855	15.19763975	3.773	135.1045575	100.344157	0.772911	18.66841425	0.00018475	0.000124	0.0001765	2.61686975	0.92862925	1.087907	1.2495	2.5725	3.773
32	2.5	3.136	2.407403	15.44403375	3.773	135.1045575	100.344157	0.772911	18.66841425	0.00018475	0.000124	0.0001765	2.61686975	0.92862925	1.087907	1.2495	2.5725	3.773
32	2.5	3.234	2.312011	15.97167075	3.773	135.1045575	100.344157	0.772911	18.66841425	0.00018475	0.000124	0.0001765	2.61686975	0.92862925	1.087907	1.2495	2.5725	3.773
32	2.5	3.332	2.1917135	16.72000925	3.773	135.1045575	100.344157	0.772911	18.66841425	0.00018475	0.000124	0.0001765	2.61686975	0.92862925	1.087907	1.2495	2.5725	3.773
32	2.5	3.43	2.04479675	17.59878025	3.773	135.1045575	100.344157	0.772911	18.66841425	0.00018475	0.000124	0.0001765	2.61686975	0.92862925	1.087907	1.2495	2.5725	3.773
32	2.5	3.528	1.87206925	18.4966475	3.773	135.1045575	100.344157	0.772911	18.66841425	0.00018475	0.000124	0.0001765	2.61686975	0.92862925	1.087907	1.2495	2.5725	3.773
32	2.5	3.626	1.67787725	19.3242675	3.773	135.1045575	100.344157	0.772911	18.66841425	0.00018475	0.000124	0.0001765	2.61686975	0.92862925	1.087907	1.2495	2.5725	3.773
32	2.5	3.724	1.4700635	19.89748725	3.773	135.1045575	100.344157	0.772911	18.66841425	0.00018475	0.000124	0.0001765	2.61686975	0.92862925	1.087907	1.2495	2.5725	3.773
32	2.5	3.822	1.258182	20.14789075	3.773	135.1045575	100.344157	0.772911	18.66841425	0.00018475	0.000124	0.0001765	2.61686975	0.92862925	1.087907	1.2495	2.5725	3.773
32	2.5	3.92	1.050929	20.0083315	3.773	135.1045575	100.344157	0.772911	18.66841425	0.00018475	0.000124	0.0001765	2.61686975	0.92862925	1.087907	1.2495	2.5725	3.773
32	2.5	4.018	0.8544265	19.53557475	3.773	135.1045575	100.344157	0.772911	18.66841425	0.00018475	0.000124	0.0001765	2.61686975	0.92862925	1.087907	1.2495	2.5725	3.773
32	2.5	4.116	0.6726935	18.7190905	3.773	135.1045575	100.344157	0.772911	18.66841425	0.00018475	0.000124	0.0001765	2.61686975	0.92862925	1.087907	1.2495	2.5725	3.773
32	2.5	4.214	0.50978475	17.6747325	3.773	135.1045575	100.344157	0.772911	18.66841425	0.00018475	0.000124	0.0001765	2.61686975	0.92862925	1.087907	1.2495	2.5725	3.773
32	2.5	4.312	0.370257	16.48346875	3.773	135.1045575	100.344157	0.772911	18.66841425	0.00018475	0.000124	0.0001765	2.61686975	0.92862925	1.087907	1.2495	2.5725	3.773
32	2.5	4.41	0.25737375	15.25765125	3.773	135.1045575	100.344157	0.772911	18.66841425	0.00018475	0.000124	0.0001765	2.61686975	0.92862925	1.087907	1.2495	2.5725	3.773
32	2.5	4.508	0.171203	14.129332	3.773	135.1045575	100.344157	0.772911	18.66841425	0.00018475	0.000124	0.0001765	2.61686975	0.92862925	1.087907	1.2495	2.5725	3.773
32	2.5	4.606	0.1102155	13.2555125	3.773	135.1045575	100.344157	0.772911	18.66841425	0.00018475	0.000124	0.0001765	2.61686975	0.92862925	1.087907	1.2495	2.5725	3.773
32	2.5	4.704	0.07157725	12.606923	3.773	135.1045575	100.344157	0.772911	18.66841425	0.00018475	0.000124	0.0001765	2.61686975	0.92862925	1.087907	1.2495	2.5725	3.773
32	2.5	4.802	0.048125	12.23856125	3.773	135.1045575	100.344157	0.772911	18.66841425	0.00018475	0.000124	0.0001765	2.61686975	0.92862925	1.087907	1.2495	2.5725	3.773
32	2.5	4.9	0.03523425	12.0945475	3.773	135.1045575	100.344157	0.772911	18.66841425	0.00018475	0.000124	0.0001765	2.61686975	0.92862925	1.087907	1.2495	2.5725	3.773
32	2.5	4.998	0.02870775	12.06347725	3.773	135.1045575	100.344157	0.772911	18.66841425	0.00018475	0.000124	0.0001765	2.61686975	0.92862925	1.087907	1.2495	2.5725	3.773
32	2.5	5.096	0.02613475	12.0688975	3.773	135.1045575	100.344157	0.772911	18.66841425	0.00018475	0.000124	0.0001765	2.61686975	0.92862925	1.087907	1.2495	2.5725	3.773
32	2.5	5.194	0.0253105	12.06469975	3.773	135.1045575	100.344157	0.772911	18.66841425	0.00018475	0.000124	0.0001765	2.61686975	0.92862925	1.087907	1.2495	2.5725	3.773
32	2.5	5.292	0.0250485	11.980201	3.773	135.1045575	100.344157	0.772911	18.66841425	0.00018475	0.000124	0.0001765	2.61686975	0.92862925	1.087907	1.2495	2.5725	3.773
32	2.5	5.39	0.024744	11.8627835	3.773	135.1045575	100.344157	0.772911	18.66841425	0.00018475	0.000124	0.0001765	2.61686975	0.92862925	1.087907	1.2495	2.5725	3.773
